[ angles ]
2195	2196	2197	1	 1.152699739e+02 8.000000000e+01
[ dihedrals ]
1	2	3	4	1	 3.687348566e+02 2.302383940e-01 1
1	2	3	4	1	 7.462045698e+02 1.151191970e-01 3
7	2	3	4	1	 5.991286683e+02 2.302383940e-01 1
7	2	3	4	1	 1.437386005e+03 1.151191970e-01 3
1	2	7	8	1	 4.466656869e+02 2.302383940e-01 1
1	2	7	8	1	 9.799970608e+02 1.151191970e-01 3
1	2	7	9	1	 6.280178113e+02 2.302383940e-01 1
1	2	7	9	1	 1.524053434e+03 1.151191970e-01 3
3	2	7	8	1	 5.764852763e+02 2.302383940e-01 1
3	2	7	8	1	 1.369455829e+03 1.151191970e-01 3
3	2	7	9	1	 3.978374007e+02 2.302383940e-01 1
3	2	7	9	1	 8.335122022e+02 1.151191970e-01 3
9	10	11	12	1	 3.918316437e+02 2.302383940e-01 1
9	10	11	12	1	 8.154949311e+02 1.151191970e-01 3
17	10	11	12	1	 6.224950431e+02 2.302383940e-01 1
17	10	11	12	1	 1.507485129e+03 1.151191970e-01 3
9	10	17	18	1	 4.962942237e+02 2.302383940e-01 1
9	10	17	18	1	 1.128882671e+03 1.151191970e-01 3
9	10	17	19	1	 6.773437108e+02 2.302383940e-01 1
9	10	17	19	1	 1.672031132e+03 1.151191970e-01 3
11	10	17	18	1	 6.215417200e+02 2.302383940e-01 1
11	10	17	18	1	 1.504625160e+03 1.151191970e-01 3
11	10	17	19	1	 4.425912072e+02 2.302383940e-01 1
11	10	17	19	1	 9.677736215e+02 1.151191970e-01 3
10	11	12	13	1	 6.184750361e+02 2.302383940e-01 1
10	11	12	13	1	 1.495425108e+03 1.151191970e-01 3
10	11	12	16	1	 4.411769088e+02 2.302383940e-01 1
10	11	12	16	1	 9.635307265e+02 1.151191970e-01 3
19	20	21	22	1	 3.650528048e+02 2.302383940e-01 1
19	20	21	22	1	 7.351584143e+02 1.151191970e-01 3
27	20	21	22	1	 6.032198222e+02 2.302383940e-01 1
27	20	21	22	1	 1.449659467e+03 1.151191970e-01 3
19	20	27	28	1	 4.890609686e+02 2.302383940e-01 1
19	20	27	28	1	 1.107182906e+03 1.151191970e-01 3
19	20	27	29	1	 6.717003286e+02 2.302383940e-01 1
19	20	27	29	1	 1.655100986e+03 1.151191970e-01 3
21	20	27	28	1	 6.105915995e+02 2.302383940e-01 1
21	20	27	28	1	 1.471774799e+03 1.151191970e-01 3
21	20	27	29	1	 4.332309596e+02 2.302383940e-01 1
21	20	27	29	1	 9.396928788e+02 1.151191970e-01 3
29	30	31	32	1	 4.905648204e+02 2.302383940e-01 1
29	30	31	32	1	 1.111694461e+03 1.151191970e-01 3
37	30	31	32	1	 3.714995292e+02 2.302383940e-01 1
37	30	31	32	1	 7.544985876e+02 1.151191970e-01 3
30	31	32	33	1	 6.404891692e+02 2.302383940e-01 1
30	31	32	33	1	 1.561467507e+03 1.151191970e-01 3
30	31	32	36	1	 4.581011147e+02 2.302383940e-01 1
30	31	32	36	1	 1.014303344e+03 1.151191970e-01 3
39	40	41	42	1	 4.668604378e+02 2.302383940e-01 1
39	40	41	42	1	 1.040581313e+03 1.151191970e-01 3
47	40	41	42	1	 7.007073692e+02 2.302383940e-01 1
47	40	41	42	1	 1.742122108e+03 1.151191970e-01 3
39	40	47	48	1	 6.930058068e+02 2.302383940e-01 1
39	40	47	48	1	 1.719017420e+03 1.151191970e-01 3
39	40	47	49	1	 5.155024695e+02 2.302383940e-01 1
39	40	47	49	1	 1.186507408e+03 1.151191970e-01 3
41	40	47	48	1	 4.578142726e+02 2.302383940e-01 1
41	40	47	48	1	 1.013442818e+03 1.151191970e-01 3
41	40	47	49	1	 6.403109353e+02 2.302383940e-01 1
41	40	47	49	1	 1.560932806e+03 1.151191970e-01 3
47	49	50	51	1	 6.278746395e+02 4.604767880e-01 1
47	49	50	51	1	 1.523623918e+03 2.302383940e-01 3
47	49	50	57	1	 3.916144719e+02 4.604767880e-01 1
47	49	50	57	1	 8.148434158e+02 2.302383940e-01 3
49	50	51	52	1	 5.892419227e+02 2.302383940e-01 1
49	50	51	52	1	 1.407725768e+03 1.151191970e-01 3
57	50	51	52	1	 4.679636791e+02 2.302383940e-01 1
57	50	51	52	1	 1.043891037e+03 1.151191970e-01 3
49	50	57	58	1	 5.248122069e+02 2.302383940e-01 1
49	50	57	58	1	 1.214436621e+03 1.151191970e-01 3
49	50	57	59	1	 7.123460598e+02 2.302383940e-01 1
49	50	57	59	1	 1.777038180e+03 1.151191970e-01 3
51	50	57	58	1	 6.460644444e+02 2.302383940e-01 1
51	50	57	58	1	 1.578193333e+03 1.151191970e-01 3
51	50	57	59	1	 4.735982974e+02 2.302383940e-01 1
51	50	57	59	1	 1.060794892e+03 1.151191970e-01 3
50	51	52	53	1	 6.143637663e+02 2.302383940e-01 1
50	51	52	53	1	 1.483091299e+03 1.151191970e-01 3
50	51	52	56	1	 4.475886933e+02 2.302383940e-01 1
50	51	52	56	1	 9.827660799e+02 1.151191970e-01 3
59	60	61	62	1	 3.736368367e+02 2.302383940e-01 1
59	60	61	62	1	 7.609105100e+02 1.151191970e-01 3
67	60	61	62	1	 6.101300287e+02 2.302383940e-01 1
67	60	61	62	1	 1.470390086e+03 1.151191970e-01 3
67	69	70	71	1	 7.186819819e+02 4.604767880e-01 1
67	69	70	71	1	 1.796045946e+03 2.302383940e-01 3
69	70	71	72	1	 7.124914044e+02 2.302383940e-01 1
69	70	71	72	1	 1.777474213e+03 1.151191970e-01 3
75	70	71	72	1	 5.906851965e+02 2.302383940e-01 1
75	70	71	72	1	 1.412055590e+03 1.151191970e-01 3
70	71	72	73	1	 5.963764822e+02 2.302383940e-01 1
70	71	72	73	1	 1.429129446e+03 1.151191970e-01 3
70	71	72	74	1	 7.156362440e+02 2.302383940e-01 1
70	71	72	74	1	 1.786908732e+03 1.151191970e-01 3
84	86	87	88	1	 3.638964408e+02 4.604767880e-01 1
84	86	87	88	1	 7.316893224e+02 2.302383940e-01 3
84	86	87	92	1	 4.921723781e+02 4.604767880e-01 1
84	86	87	92	1	 1.116517134e+03 2.302383940e-01 3
86	87	92	93	1	 6.810469310e+02 2.302383940e-01 1
86	87	92	93	1	 1.683140793e+03 1.151191970e-01 3
86	87	92	94	1	 5.009927021e+02 2.302383940e-01 1
86	87	92	94	1	 1.142978106e+03 1.151191970e-01 3
88	87	92	93	1	 4.473826813e+02 2.302383940e-01 1
88	87	92	93	1	 9.821480439e+02 1.151191970e-01 3
88	87	92	94	1	 6.273284524e+02 2.302383940e-01 1
88	87	92	94	1	 1.521985357e+03 1.151191970e-01 3
87	88	89	90	1	 6.052026349e+02 2.302383940e-01 1
87	88	89	90	1	 1.455607905e+03 1.151191970e-01 3
87	88	89	91	1	 4.239005489e+02 2.302383940e-01 1
87	88	89	91	1	 9.117016467e+02 1.151191970e-01 3
94	95	100	101	1	 7.092639869e+02 2.302383940e-01 1
94	95	100	101	1	 1.767791961e+03 1.151191970e-01 3
94	95	100	102	1	 5.380540588e+02 2.302383940e-01 1
94	95	100	102	1	 1.254162177e+03 1.151191970e-01 3
96	95	100	101	1	 4.830507795e+02 2.302383940e-01 1
96	95	100	101	1	 1.089152339e+03 1.151191970e-01 3
96	95	100	102	1	 6.718408515e+02 2.302383940e-01 1
96	95	100	102	1	 1.655522555e+03 1.151191970e-01 3
95	96	97	98	1	 6.078972300e+02 2.302383940e-01 1
95	96	97	98	1	 1.463691690e+03 1.151191970e-01 3
95	96	97	99	1	 4.319903395e+02 2.302383940e-01 1
95	96	97	99	1	 9.359710186e+02 1.151191970e-01 3
100	102	103	109	1	 4.259252473e+02 4.604767880e-01 1
100	102	103	109	1	 9.177757419e+02 2.302383940e-01 3
102	103	104	105	1	 4.682211631e+02 2.302383940e-01 1
102	103	104	105	1	 1.044663489e+03 1.151191970e-01 3
109	103	104	105	1	 7.082617220e+02 2.302383940e-01 1
109	103	104	105	1	 1.764785166e+03 1.151191970e-01 3
102	103	109	110	1	 6.815999123e+02 2.302383940e-01 1
102	103	109	110	1	 1.684799737e+03 1.151191970e-01 3
102	103	109	111	1	 5.042700336e+02 2.302383940e-01 1
102	103	109	111	1	 1.152810101e+03 1.151191970e-01 3
104	103	109	110	1	 4.362680342e+02 2.302383940e-01 1
104	103	109	110	1	 9.488041026e+02 1.151191970e-01 3
104	103	109	111	1	 6.189381555e+02 2.302383940e-01 1
104	103	109	111	1	 1.496814467e+03 1.151191970e-01 3
103	104	105	106	1	 4.087937902e+02 4.604767880e-01 1
103	104	105	106	1	 8.663813707e+02 2.302383940e-01 3
126	127	128	129	1	 3.701676624e+02 2.302383940e-01 1
126	127	128	129	1	 7.505029872e+02 1.151191970e-01 3
126	127	128	130	1	 5.555326414e+02 2.302383940e-01 1
126	127	128	130	1	 1.306597924e+03 1.151191970e-01 3
134	135	136	137	1	 6.308791380e+02 2.302383940e-01 1
134	135	136	137	1	 1.532637414e+03 1.151191970e-01 3
134	135	136	138	1	 4.526692629e+02 2.302383940e-01 1
134	135	136	138	1	 9.980077886e+02 1.151191970e-01 3
157	158	159	160	1	 4.574139101e+02 4.604767880e-01 1
157	158	159	160	1	 1.012241730e+03 2.302383940e-01 3
158	159	160	161	1	 7.134784895e+02 4.604767880e-01 1
158	159	160	161	1	 1.780435469e+03 2.302383940e-01 3
159	160	161	162	1	 4.568209795e+02 4.604767880e-01 1
159	160	161	162	1	 1.010462939e+03 2.302383940e-01 3
176	177	178	179	1	 4.529900142e+02 2.302383940e-01 1
176	177	178	179	1	 9.989700425e+02 1.151191970e-01 3
176	177	178	184	1	 6.365983660e+02 2.302383940e-01 1
176	177	178	184	1	 1.549795098e+03 1.151191970e-01 3
199	200	201	202	1	 6.234887668e+02 4.604767880e-01 1
199	200	201	202	1	 1.510466300e+03 2.302383940e-01 3
200	201	202	203	1	 4.812364400e+02 2.302383940e-01 1
200	201	202	203	1	 1.083709320e+03 1.151191970e-01 3
200	201	202	204	1	 6.532992500e+02 2.302383940e-01 1
200	201	202	204	1	 1.599897750e+03 1.151191970e-01 3
218	219	220	221	1	 6.014905294e+02 2.302383940e-01 1
218	219	220	221	1	 1.444471588e+03 1.151191970e-01 3
226	219	220	221	1	 4.732002678e+02 2.302383940e-01 1
226	219	220	221	1	 1.059600804e+03 1.151191970e-01 3
228	229	230	231	1	 4.759080737e+02 2.302383940e-01 1
228	229	230	231	1	 1.067724221e+03 1.151191970e-01 3
238	229	230	231	1	 7.149989287e+02 2.302383940e-01 1
238	229	230	231	1	 1.784996786e+03 1.151191970e-01 3
229	230	231	232	1	 4.336419647e+02 2.302383940e-01 1
229	230	231	232	1	 9.409258940e+02 1.151191970e-01 3
229	230	231	237	1	 6.246741904e+02 2.302383940e-01 1
229	230	231	237	1	 1.514022571e+03 1.151191970e-01 3
240	241	242	243	1	 4.826057733e+02 1.151191970e-01 1
240	241	242	243	1	 1.087817320e+03 5.755959849e-02 3
240	241	242	244	1	 5.995740083e+02 1.151191970e-01 1
240	241	242	244	1	 1.438722025e+03 5.755959849e-02 3
245	241	242	243	1	 7.185474946e+02 1.151191970e-01 1
245	241	242	243	1	 1.795642484e+03 5.755959849e-02 3
245	241	242	244	1	 4.755157296e+02 1.151191970e-01 1
245	241	242	244	1	 1.066547189e+03 5.755959849e-02 3
247	248	249	250	1	 4.690568312e+02 1.151191970e-01 1
247	248	249	250	1	 1.047170494e+03 5.755959849e-02 3
247	248	249	251	1	 5.957359001e+02 1.151191970e-01 1
247	248	249	251	1	 1.427207700e+03 5.755959849e-02 3
252	248	249	250	1	 6.990447953e+02 1.151191970e-01 1
252	248	249	250	1	 1.737134386e+03 5.755959849e-02 3
252	248	249	251	1	 4.657238641e+02 1.151191970e-01 1
252	248	249	251	1	 1.037171592e+03 5.755959849e-02 3
254	255	256	257	1	 6.047459686e+02 2.302383940e-01 1
254	255	256	257	1	 1.454237906e+03 1.151191970e-01 3
260	255	256	257	1	 4.779352582e+02 2.302383940e-01 1
260	255	256	257	1	 1.073805775e+03 1.151191970e-01 3
262	263	264	265	1	 6.124293885e+02 2.302383940e-01 1
262	263	264	265	1	 1.477288165e+03 1.151191970e-01 3
269	263	264	265	1	 4.814368125e+02 2.302383940e-01 1
269	263	264	265	1	 1.084310438e+03 1.151191970e-01 3
263	264	265	266	1	 7.178758472e+02 4.604767880e-01 1
263	264	265	266	1	 1.793627541e+03 2.302383940e-01 3
264	265	266	267	1	 4.100515823e+02 2.302383940e-01 1
264	265	266	267	1	 8.701547469e+02 1.151191970e-01 3
264	265	266	268	1	 5.916535508e+02 2.302383940e-01 1
264	265	266	268	1	 1.414960653e+03 1.151191970e-01 3
271	272	273	274	1	 4.842672061e+02 2.302383940e-01 1
271	272	273	274	1	 1.092801618e+03 1.151191970e-01 3
277	272	273	274	1	 3.606546942e+02 2.302383940e-01 1
277	272	273	274	1	 7.219640825e+02 1.151191970e-01 3
289	290	291	292	1	 3.707307846e+02 2.302383940e-01 1
289	290	291	292	1	 7.521923537e+02 1.151191970e-01 3
296	290	291	292	1	 6.038091344e+02 2.302383940e-01 1
296	290	291	292	1	 1.451427403e+03 1.151191970e-01 3
291	292	293	294	1	 4.042071947e+02 2.302383940e-01 1
291	292	293	294	1	 8.526215842e+02 1.151191970e-01 3
318	319	320	321	1	 7.140624630e+02 1.151191970e-01 1
318	319	320	321	1	 1.782187389e+03 5.755959849e-02 3
318	319	320	322	1	 4.754130469e+02 1.151191970e-01 1
318	319	320	322	1	 1.066239141e+03 5.755959849e-02 3
323	319	320	321	1	 5.867645109e+02 1.151191970e-01 1
323	319	320	321	1	 1.400293533e+03 5.755959849e-02 3
323	319	320	322	1	 7.081150949e+02 1.151191970e-01 1
323	319	320	322	1	 1.764345285e+03 5.755959849e-02 3
327	328	329	330	1	 7.195021962e+02 4.604767880e-01 1
327	328	329	330	1	 1.798506588e+03 2.302383940e-01 3
328	329	330	331	1	 4.527244029e+02 4.604767880e-01 1
328	329	330	331	1	 9.981732086e+02 2.302383940e-01 3
362	363	364	365	1	 3.679831615e+02 4.604767880e-01 1
362	363	364	365	1	 7.439494844e+02 2.302383940e-01 3
363	364	365	366	1	 6.072722716e+02 4.604767880e-01 1
363	364	365	366	1	 1.461816815e+03 2.302383940e-01 3
364	365	366	367	1	 6.402180906e+02 4.604767880e-01 1
364	365	366	367	1	 1.560654272e+03 2.302383940e-01 3
377	378	379	380	1	 4.508191730e+02 2.302383940e-01 1
377	378	379	380	1	 9.924575190e+02 1.151191970e-01 3
377	378	379	381	1	 6.206456790e+02 2.302383940e-01 1
377	378	379	381	1	 1.501937037e+03 1.151191970e-01 3
385	386	388	389	1	 4.901568407e+02 2.302383940e-01 1
385	386	388	389	1	 1.110470522e+03 1.151191970e-01 3
387	386	388	389	1	 6.162937366e+02 2.302383940e-01 1
387	386	388	389	1	 1.488881210e+03 1.151191970e-01 3
406	407	408	409	1	 4.560849853e+02 2.302383940e-01 1
406	407	408	409	1	 1.008254956e+03 1.151191970e-01 3
406	407	408	414	1	 6.353307868e+02 2.302383940e-01 1
406	407	408	414	1	 1.545992360e+03 1.151191970e-01 3
422	423	424	425	1	 6.080207098e+02 2.302383940e-01 1
422	423	424	425	1	 1.464062129e+03 1.151191970e-01 3
426	423	424	425	1	 4.801627881e+02 2.302383940e-01 1
426	423	424	425	1	 1.080488364e+03 1.151191970e-01 3
465	466	467	468	1	 4.707426211e+02 1.151191970e-01 1
465	466	467	468	1	 1.052227863e+03 5.755959849e-02 3
465	466	467	469	1	 5.927124972e+02 1.151191970e-01 1
465	466	467	469	1	 1.418137492e+03 5.755959849e-02 3
470	466	467	468	1	 7.062361156e+02 1.151191970e-01 1
470	466	467	468	1	 1.758708347e+03 5.755959849e-02 3
470	466	467	469	1	 4.682059916e+02 1.151191970e-01 1
470	466	467	469	1	 1.044617975e+03 5.755959849e-02 3
472	473	474	475	1	 5.080250415e+02 2.302383940e-01 1
472	473	474	475	1	 1.164075124e+03 1.151191970e-01 3
479	473	474	475	1	 3.841863454e+02 2.302383940e-01 1
479	473	474	475	1	 7.925590363e+02 1.151191970e-01 3
474	475	476	477	1	 4.961999484e+02 2.302383940e-01 1
474	475	476	477	1	 1.128599845e+03 1.151191970e-01 3
474	475	476	478	1	 6.755764676e+02 2.302383940e-01 1
474	475	476	478	1	 1.666729403e+03 1.151191970e-01 3
481	482	483	484	1	 5.920341018e+02 2.302383940e-01 1
481	482	483	484	1	 1.416102305e+03 1.151191970e-01 3
487	482	483	484	1	 4.701601800e+02 2.302383940e-01 1
487	482	483	484	1	 1.050480540e+03 1.151191970e-01 3
482	483	484	485	1	 6.369685731e+02 2.302383940e-01 1
482	483	484	485	1	 1.550905719e+03 1.151191970e-01 3
482	483	484	486	1	 4.488535129e+02 2.302383940e-01 1
482	483	484	486	1	 9.865605388e+02 1.151191970e-01 3
505	506	507	508	1	 4.562132805e+02 2.302383940e-01 1
505	506	507	508	1	 1.008639842e+03 1.151191970e-01 3
509	506	507	508	1	 6.884215656e+02 2.302383940e-01 1
509	506	507	508	1	 1.705264697e+03 1.151191970e-01 3
546	547	548	549	1	 4.605839457e+02 1.151191970e-01 1
546	547	548	549	1	 1.021751837e+03 5.755959849e-02 3
546	547	548	550	1	 5.824775297e+02 1.151191970e-01 1
546	547	548	550	1	 1.387432589e+03 5.755959849e-02 3
551	547	548	549	1	 7.030686032e+02 1.151191970e-01 1
551	547	548	549	1	 1.749205810e+03 5.755959849e-02 3
551	547	548	550	1	 4.649621872e+02 1.151191970e-01 1
551	547	548	550	1	 1.034886562e+03 5.755959849e-02 3
558	559	560	561	1	 4.639108488e+02 4.604767880e-01 1
558	559	560	561	1	 1.031732546e+03 2.302383940e-01 3
560	561	562	563	1	 6.180197313e+02 4.604767880e-01 1
560	561	562	563	1	 1.494059194e+03 2.302383940e-01 3
568	569	570	571	1	 5.824284116e+02 2.302383940e-01 1
568	569	570	571	1	 1.387285235e+03 1.151191970e-01 3
575	569	570	571	1	 4.515153626e+02 2.302383940e-01 1
575	569	570	571	1	 9.945460877e+02 1.151191970e-01 3
571	572	573	574	1	 4.595463756e+02 4.604767880e-01 1
571	572	573	574	1	 1.018639127e+03 2.302383940e-01 3
582	583	584	585	1	 5.969792855e+02 2.302383940e-01 1
582	583	584	585	1	 1.430937857e+03 1.151191970e-01 3
582	583	584	586	1	 3.601085116e+02 2.302383940e-01 1
582	583	584	586	1	 7.203255348e+02 1.151191970e-01 3
589	590	591	592	1	 4.913929470e+02 2.302383940e-01 1
589	590	591	592	1	 1.114178841e+03 1.151191970e-01 3
595	590	591	592	1	 3.616587821e+02 2.302383940e-01 1
595	590	591	592	1	 7.249763463e+02 1.151191970e-01 3
590	591	592	593	1	 7.136075772e+02 2.302383940e-01 1
590	591	592	593	1	 1.780822732e+03 1.151191970e-01 3
590	591	592	594	1	 4.766395281e+02 2.302383940e-01 1
590	591	592	594	1	 1.069918584e+03 1.151191970e-01 3
640	641	642	643	1	 5.634603476e+02 2.302383940e-01 1
640	641	642	643	1	 1.330381043e+03 1.151191970e-01 3
640	641	642	644	1	 3.760695537e+02 2.302383940e-01 1
640	641	642	644	1	 7.682086612e+02 1.151191970e-01 3
649	650	651	652	1	 4.385380091e+02 2.302383940e-01 1
649	650	651	652	1	 9.556140272e+02 1.151191970e-01 3
649	650	651	653	1	 6.177764934e+02 2.302383940e-01 1
649	650	651	653	1	 1.493329480e+03 1.151191970e-01 3
658	659	660	661	1	 4.665883786e+02 2.302383940e-01 1
658	659	660	661	1	 1.039765136e+03 1.151191970e-01 3
658	659	660	662	1	 6.442163733e+02 2.302383940e-01 1
658	659	660	662	1	 1.572649120e+03 1.151191970e-01 3
668	669	670	671	1	 7.112893568e+02 4.604767880e-01 1
668	669	670	671	1	 1.773868070e+03 2.302383940e-01 3
676	677	678	679	1	 5.946301940e+02 2.302383940e-01 1
676	677	678	679	1	 1.423890582e+03 1.151191970e-01 3
685	677	678	679	1	 4.669184064e+02 2.302383940e-01 1
685	677	678	679	1	 1.040755219e+03 1.151191970e-01 3
689	690	691	692	1	 7.115810615e+02 4.604767880e-01 1
689	690	691	692	1	 1.774743184e+03 2.302383940e-01 3
699	700	702	703	1	 4.785024374e+02 2.302383940e-01 1
699	700	702	703	1	 1.075507312e+03 1.151191970e-01 3
701	700	702	703	1	 6.111539990e+02 2.302383940e-01 1
701	700	702	703	1	 1.473461997e+03 1.151191970e-01 3
708	709	710	711	1	 6.782946256e+02 2.302383940e-01 1
708	709	710	711	1	 1.674883877e+03 1.151191970e-01 3
708	709	710	712	1	 4.968927971e+02 2.302383940e-01 1
708	709	710	712	1	 1.130678391e+03 1.151191970e-01 3
715	716	717	718	1	 4.591731766e+02 1.151191970e-01 1
715	716	717	718	1	 1.017519530e+03 5.755959849e-02 3
715	716	717	719	1	 5.791389461e+02 1.151191970e-01 1
715	716	717	719	1	 1.377416838e+03 5.755959849e-02 3
720	716	717	718	1	 6.931005119e+02 1.151191970e-01 1
720	716	717	718	1	 1.719301536e+03 5.755959849e-02 3
720	716	717	719	1	 4.530662814e+02 1.151191970e-01 1
720	716	717	719	1	 9.991988441e+02 5.755959849e-02 3
722	723	724	725	1	 4.571031561e+02 1.151191970e-01 1
722	723	724	725	1	 1.011309468e+03 5.755959849e-02 3
722	723	724	726	1	 5.847265092e+02 1.151191970e-01 1
722	723	724	726	1	 1.394179528e+03 5.755959849e-02 3
728	723	724	725	1	 6.838213106e+02 1.151191970e-01 1
728	723	724	725	1	 1.691463932e+03 5.755959849e-02 3
728	723	724	726	1	 4.514446636e+02 1.151191970e-01 1
728	723	724	726	1	 9.943339909e+02 5.755959849e-02 3
730	731	732	733	1	 5.921839629e+02 2.302383940e-01 1
730	731	732	733	1	 1.416551889e+03 1.151191970e-01 3
736	731	732	733	1	 4.602886062e+02 2.302383940e-01 1
736	731	732	733	1	 1.020865818e+03 1.151191970e-01 3
738	739	740	741	1	 5.943842289e+02 2.302383940e-01 1
738	739	740	741	1	 1.423152687e+03 1.151191970e-01 3
744	739	740	741	1	 4.691345983e+02 2.302383940e-01 1
744	739	740	741	1	 1.047403795e+03 1.151191970e-01 3
739	740	741	742	1	 7.169560633e+02 2.302383940e-01 1
739	740	741	742	1	 1.790868190e+03 1.151191970e-01 3
739	740	741	743	1	 5.266164294e+02 2.302383940e-01 1
739	740	741	743	1	 1.219849288e+03 1.151191970e-01 3
746	747	748	749	1	 5.906369859e+02 2.302383940e-01 1
746	747	748	749	1	 1.411910958e+03 1.151191970e-01 3
752	747	748	749	1	 4.573765926e+02 2.302383940e-01 1
752	747	748	749	1	 1.012129778e+03 1.151191970e-01 3
747	748	749	750	1	 5.422367784e+02 2.302383940e-01 1
747	748	749	750	1	 1.266710335e+03 1.151191970e-01 3
747	748	749	751	1	 7.149862360e+02 2.302383940e-01 1
747	748	749	751	1	 1.784958708e+03 1.151191970e-01 3
754	755	756	757	1	 4.803863536e+02 1.151191970e-01 1
754	755	756	757	1	 1.081159061e+03 5.755959849e-02 3
754	755	756	758	1	 6.071399389e+02 1.151191970e-01 1
754	755	756	758	1	 1.461419817e+03 5.755959849e-02 3
759	755	756	757	1	 7.127141832e+02 1.151191970e-01 1
759	755	756	757	1	 1.778142550e+03 5.755959849e-02 3
759	755	756	758	1	 4.794677685e+02 1.151191970e-01 1
759	755	756	758	1	 1.078403306e+03 5.755959849e-02 3
761	762	763	764	1	 4.736538429e+02 2.302383940e-01 1
761	762	763	764	1	 1.060961529e+03 1.151191970e-01 3
770	762	763	764	1	 7.121775386e+02 2.302383940e-01 1
770	762	763	764	1	 1.776532616e+03 1.151191970e-01 3
790	791	792	793	1	 5.850427939e+02 2.302383940e-01 1
790	791	792	793	1	 1.395128382e+03 1.151191970e-01 3
796	791	792	793	1	 4.567464021e+02 2.302383940e-01 1
796	791	792	793	1	 1.010239206e+03 1.151191970e-01 3
791	792	793	794	1	 6.409712734e+02 2.302383940e-01 1
791	792	793	794	1	 1.562913820e+03 1.151191970e-01 3
791	792	793	795	1	 4.566806427e+02 2.302383940e-01 1
791	792	793	795	1	 1.010041928e+03 1.151191970e-01 3
799	800	801	802	1	 3.684757575e+02 4.604767880e-01 1
799	800	801	802	1	 7.454272725e+02 2.302383940e-01 3
800	801	802	803	1	 6.942227580e+02 2.302383940e-01 1
800	801	802	803	1	 1.722668274e+03 1.151191970e-01 3
800	801	802	804	1	 5.134592154e+02 2.302383940e-01 1
800	801	802	804	1	 1.180377646e+03 1.151191970e-01 3
836	837	838	839	1	 3.692332947e+02 1.151191970e-01 1
836	837	838	839	1	 7.476998840e+02 5.755959849e-02 3
836	837	838	840	1	 5.000711080e+02 1.151191970e-01 1
836	837	838	840	1	 1.140213324e+03 5.755959849e-02 3
842	837	838	839	1	 6.137547164e+02 1.151191970e-01 1
842	837	838	839	1	 1.481264149e+03 5.755959849e-02 3
842	837	838	840	1	 3.845925297e+02 1.151191970e-01 1
842	837	838	840	1	 7.937775890e+02 5.755959849e-02 3
844	845	846	847	1	 6.062706060e+02 2.302383940e-01 1
844	845	846	847	1	 1.458811818e+03 1.151191970e-01 3
853	845	846	847	1	 4.828549270e+02 2.302383940e-01 1
853	845	846	847	1	 1.088564781e+03 1.151191970e-01 3
846	847	848	849	1	 7.080633615e+02 4.604767880e-01 1
846	847	848	849	1	 1.764190085e+03 2.302383940e-01 3
897	898	899	900	1	 4.185457927e+02 2.302383940e-01 1
897	898	899	900	1	 8.956373782e+02 1.151191970e-01 3
897	898	899	901	1	 6.017621326e+02 2.302383940e-01 1
897	898	899	901	1	 1.445286398e+03 1.151191970e-01 3
915	916	917	918	1	 7.037979785e+02 2.302383940e-01 1
915	916	917	918	1	 1.751393935e+03 1.151191970e-01 3
922	916	917	918	1	 5.827663951e+02 2.302383940e-01 1
922	916	917	918	1	 1.388299185e+03 1.151191970e-01 3
917	918	919	920	1	 4.591639016e+02 4.604767880e-01 1
917	918	919	920	1	 1.017491705e+03 2.302383940e-01 3
944	945	946	947	2	 1.978100414e+01 4.000000000e+01
945	946	947	948	2	 -3.300029395e+01 4.000000000e+01
946	947	948	944	2	 3.575961219e+01 2.000000000e+01
952	953	954	955	1	 7.128564233e+02 4.604767880e-01 1
952	953	954	955	1	 1.778569270e+03 2.302383940e-01 3
953	954	955	956	1	 5.941398628e+02 4.604767880e-01 1
953	954	955	956	1	 1.422419588e+03 2.302383940e-01 3
986	987	988	989	1	 4.660433573e+02 2.302383940e-01 1
986	987	988	989	1	 1.038130072e+03 1.151191970e-01 3
992	987	988	989	1	 7.065883750e+02 2.302383940e-01 1
992	987	988	989	1	 1.759765125e+03 1.151191970e-01 3
987	988	989	990	1	 7.037563203e+02 4.604767880e-01 1
987	988	989	990	1	 1.751268961e+03 2.302383940e-01 3
988	989	990	991	1	 4.355275565e+02 4.604767880e-01 1
988	989	990	991	1	 9.465826695e+02 2.302383940e-01 3
995	996	998	999	1	 4.851287335e+02 2.302383940e-01 1
995	996	998	999	1	 1.095386200e+03 1.151191970e-01 3
997	996	998	999	1	 6.109534958e+02 2.302383940e-01 1
997	996	998	999	1	 1.472860487e+03 1.151191970e-01 3
1002	1003	1008	1009	1	 4.807832955e+02 2.302383940e-01 1
1002	1003	1008	1009	1	 1.082349887e+03 1.151191970e-01 3
1011	1012	1013	1014	1	 6.040179647e+02 2.302383940e-01 1
1011	1012	1013	1014	1	 1.452053894e+03 1.151191970e-01 3
1011	1012	1013	1015	1	 4.317913086e+02 2.302383940e-01 1
1011	1012	1013	1015	1	 9.353739259e+02 1.151191970e-01 3
1018	1019	1020	1021	1	 5.889803796e+02 2.302383940e-01 1
1018	1019	1020	1021	1	 1.406941139e+03 1.151191970e-01 3
1024	1019	1020	1021	1	 4.635218084e+02 2.302383940e-01 1
1024	1019	1020	1021	1	 1.030565425e+03 1.151191970e-01 3
1019	1020	1021	1022	1	 7.197377654e+02 2.302383940e-01 1
1019	1020	1021	1022	1	 1.799213296e+03 1.151191970e-01 3
1019	1020	1021	1023	1	 5.377062423e+02 2.302383940e-01 1
1019	1020	1021	1023	1	 1.253118727e+03 1.151191970e-01 3
1026	1027	1028	1029	1	 5.918232393e+02 2.302383940e-01 1
1026	1027	1028	1029	1	 1.415469718e+03 1.151191970e-01 3
1032	1027	1028	1029	1	 4.638783540e+02 2.302383940e-01 1
1032	1027	1028	1029	1	 1.031635062e+03 1.151191970e-01 3
1026	1027	1032	1033	1	 6.789225721e+02 2.302383940e-01 1
1026	1027	1032	1033	1	 1.676767716e+03 1.151191970e-01 3
1026	1027	1032	1034	1	 4.983408409e+02 2.302383940e-01 1
1026	1027	1032	1034	1	 1.135022523e+03 1.151191970e-01 3
1028	1027	1032	1033	1	 4.445404854e+02 2.302383940e-01 1
1028	1027	1032	1033	1	 9.736214562e+02 1.151191970e-01 3
1028	1027	1032	1034	1	 6.239587542e+02 2.302383940e-01 1
1028	1027	1032	1034	1	 1.511876263e+03 1.151191970e-01 3
1034	1035	1036	1037	1	 4.702700872e+02 2.302383940e-01 1
1034	1035	1036	1037	1	 1.050810262e+03 1.151191970e-01 3
1042	1035	1036	1037	1	 7.014861196e+02 2.302383940e-01 1
1042	1035	1036	1037	1	 1.744458359e+03 1.151191970e-01 3
1095	1096	1097	1098	1	 4.935914446e+02 2.302383940e-01 1
1095	1096	1097	1098	1	 1.120774334e+03 1.151191970e-01 3
1101	1096	1097	1098	1	 3.675056060e+02 2.302383940e-01 1
1101	1096	1097	1098	1	 7.425168180e+02 1.151191970e-01 3
1096	1097	1098	1099	1	 4.415020582e+02 2.302383940e-01 1
1096	1097	1098	1099	1	 9.645061745e+02 1.151191970e-01 3
1096	1097	1098	1100	1	 6.212197592e+02 2.302383940e-01 1
1096	1097	1098	1100	1	 1.503659277e+03 1.151191970e-01 3
1109	1110	1111	1112	1	 5.955428833e+02 1.151191970e-01 1
1109	1110	1111	1112	1	 1.426628650e+03 5.755959849e-02 3
1109	1110	1111	1113	1	 7.174042295e+02 1.151191970e-01 1
1109	1110	1111	1113	1	 1.792212689e+03 5.755959849e-02 3
1114	1110	1111	1112	1	 4.656778323e+02 1.151191970e-01 1
1114	1110	1111	1112	1	 1.037033497e+03 5.755959849e-02 3
1114	1110	1111	1113	1	 5.875391785e+02 1.151191970e-01 1
1114	1110	1111	1113	1	 1.402617536e+03 5.755959849e-02 3
1136	1137	1138	1139	1	 7.164584099e+02 1.151191970e-01 1
1136	1137	1138	1139	1	 1.789375230e+03 5.755959849e-02 3
1136	1137	1138	1140	1	 4.786798592e+02 1.151191970e-01 1
1136	1137	1138	1140	1	 1.076039577e+03 5.755959849e-02 3
1142	1137	1138	1139	1	 5.863281176e+02 1.151191970e-01 1
1142	1137	1138	1139	1	 1.398984353e+03 5.755959849e-02 3
1142	1137	1138	1140	1	 7.085495669e+02 1.151191970e-01 1
1142	1137	1138	1140	1	 1.765648701e+03 5.755959849e-02 3
1144	1145	1149	1150	1	 7.093252534e+02 2.302383940e-01 1
1144	1145	1149	1150	1	 1.767975760e+03 1.151191970e-01 3
1144	1145	1149	1151	1	 5.293775091e+02 2.302383940e-01 1
1144	1145	1149	1151	1	 1.228132527e+03 1.151191970e-01 3
1146	1145	1149	1150	1	 4.727780203e+02 2.302383940e-01 1
1146	1145	1149	1150	1	 1.058334061e+03 1.151191970e-01 3
1146	1145	1149	1151	1	 6.528302760e+02 2.302383940e-01 1
1146	1145	1149	1151	1	 1.598490828e+03 1.151191970e-01 3
1149	1151	1152	1153	1	 6.431808037e+02 4.604767880e-01 1
1149	1151	1152	1153	1	 1.569542411e+03 2.302383940e-01 3
1149	1151	1152	1158	1	 4.045508560e+02 4.604767880e-01 1
1149	1151	1152	1158	1	 8.536525680e+02 2.302383940e-01 3
1151	1152	1153	1154	1	 3.658139411e+02 2.302383940e-01 1
1151	1152	1153	1154	1	 7.374418233e+02 1.151191970e-01 3
1158	1152	1153	1154	1	 6.063205255e+02 2.302383940e-01 1
1158	1152	1153	1154	1	 1.458961576e+03 1.151191970e-01 3
1151	1152	1158	1159	1	 5.002942865e+02 2.302383940e-01 1
1151	1152	1158	1159	1	 1.140882859e+03 1.151191970e-01 3
1151	1152	1158	1160	1	 6.907311945e+02 2.302383940e-01 1
1151	1152	1158	1160	1	 1.712193584e+03 1.151191970e-01 3
1153	1152	1158	1159	1	 6.247239059e+02 2.302383940e-01 1
1153	1152	1158	1159	1	 1.514171718e+03 1.151191970e-01 3
1153	1152	1158	1160	1	 4.551608139e+02 2.302383940e-01 1
1153	1152	1158	1160	1	 1.005482442e+03 1.151191970e-01 3
1160	1161	1162	1163	1	 6.073281713e+02 2.302383940e-01 1
1160	1161	1162	1163	1	 1.461984514e+03 1.151191970e-01 3
1164	1161	1162	1163	1	 4.804409069e+02 2.302383940e-01 1
1164	1161	1162	1163	1	 1.081322721e+03 1.151191970e-01 3
1160	1161	1164	1165	1	 3.673689239e+02 2.302383940e-01 1
1160	1161	1164	1165	1	 7.421067716e+02 1.151191970e-01 3
1160	1161	1164	1166	1	 5.402666253e+02 2.302383940e-01 1
1160	1161	1164	1166	1	 1.260799876e+03 1.151191970e-01 3
1162	1161	1164	1165	1	 4.877786985e+02 2.302383940e-01 1
1162	1161	1164	1165	1	 1.103336095e+03 1.151191970e-01 3
1162	1161	1164	1166	1	 6.606763999e+02 2.302383940e-01 1
1162	1161	1164	1166	1	 1.622029200e+03 1.151191970e-01 3
1166	1167	1171	1172	1	 4.760440183e+02 2.302383940e-01 1
1166	1167	1171	1172	1	 1.068132055e+03 1.151191970e-01 3
1166	1167	1171	1173	1	 6.528649166e+02 2.302383940e-01 1
1166	1167	1171	1173	1	 1.598594750e+03 1.151191970e-01 3
1168	1167	1171	1172	1	 5.957117293e+02 2.302383940e-01 1
1168	1167	1171	1172	1	 1.427135188e+03 1.151191970e-01 3
1168	1167	1171	1173	1	 4.125326276e+02 2.302383940e-01 1
1168	1167	1171	1173	1	 8.775978828e+02 1.151191970e-01 3
1179	1180	1181	1182	1	 3.853428792e+02 4.604767880e-01 1
1179	1180	1181	1182	1	 7.960286377e+02 2.302383940e-01 3
1180	1181	1182	1183	1	 4.670963275e+02 4.604767880e-01 1
1180	1181	1182	1183	1	 1.041288983e+03 2.302383940e-01 3
1189	1190	1191	1192	1	 4.273829452e+02 2.302383940e-01 1
1189	1190	1191	1192	1	 9.221488357e+02 1.151191970e-01 3
1189	1190	1191	1196	1	 6.046403028e+02 2.302383940e-01 1
1189	1190	1191	1196	1	 1.453920909e+03 1.151191970e-01 3
1199	1200	1201	1202	1	 5.924757569e+02 2.302383940e-01 1
1199	1200	1201	1202	1	 1.417427271e+03 1.151191970e-01 3
1206	1200	1201	1202	1	 4.637347543e+02 2.302383940e-01 1
1206	1200	1201	1202	1	 1.031204263e+03 1.151191970e-01 3
1199	1200	1206	1207	1	 4.072136277e+02 2.302383940e-01 1
1199	1200	1206	1207	1	 8.616408832e+02 1.151191970e-01 3
1199	1200	1206	1208	1	 5.844833418e+02 2.302383940e-01 1
1199	1200	1206	1208	1	 1.393450025e+03 1.151191970e-01 3
1201	1200	1206	1207	1	 5.318759278e+02 2.302383940e-01 1
1201	1200	1206	1207	1	 1.235627784e+03 1.151191970e-01 3
1201	1200	1206	1208	1	 7.091456419e+02 2.302383940e-01 1
1201	1200	1206	1208	1	 1.767436926e+03 1.151191970e-01 3
1200	1201	1202	1203	1	 7.159706024e+02 4.604767880e-01 1
1200	1201	1202	1203	1	 1.787911807e+03 2.302383940e-01 3
1201	1202	1203	1204	1	 6.570194500e+02 2.302383940e-01 1
1201	1202	1203	1204	1	 1.611058350e+03 1.151191970e-01 3
1201	1202	1203	1205	1	 4.860496081e+02 2.302383940e-01 1
1201	1202	1203	1205	1	 1.098148824e+03 1.151191970e-01 3
1208	1209	1210	1211	1	 7.173667828e+02 2.302383940e-01 1
1208	1209	1210	1211	1	 1.792100348e+03 1.151191970e-01 3
1214	1209	1210	1211	1	 5.914045057e+02 2.302383940e-01 1
1214	1209	1210	1211	1	 1.414213517e+03 1.151191970e-01 3
1209	1210	1211	1212	1	 5.995836081e+02 2.302383940e-01 1
1209	1210	1211	1212	1	 1.438750824e+03 1.151191970e-01 3
1209	1210	1211	1213	1	 3.679130353e+02 2.302383940e-01 1
1209	1210	1211	1213	1	 7.437391060e+02 1.151191970e-01 3
1216	1217	1218	1219	1	 5.883096086e+02 2.302383940e-01 1
1216	1217	1218	1219	1	 1.404928826e+03 1.151191970e-01 3
1223	1217	1218	1219	1	 4.618882948e+02 2.302383940e-01 1
1223	1217	1218	1219	1	 1.025664884e+03 1.151191970e-01 3
1218	1219	1220	1221	1	 6.061944189e+02 4.604767880e-01 1
1218	1219	1220	1221	1	 1.458583257e+03 2.302383940e-01 3
1232	1233	1234	1235	1	 3.647139574e+02 2.302383940e-01 1
1232	1233	1234	1235	1	 7.341418721e+02 1.151191970e-01 3
1238	1233	1234	1235	1	 5.963731086e+02 2.302383940e-01 1
1238	1233	1234	1235	1	 1.429119326e+03 1.151191970e-01 3
1233	1234	1235	1236	1	 7.139108087e+02 4.604767880e-01 1
1233	1234	1235	1236	1	 1.781732426e+03 2.302383940e-01 3
1240	1241	1242	1243	1	 7.170333429e+02 2.302383940e-01 1
1240	1241	1242	1243	1	 1.791100029e+03 1.151191970e-01 3
1249	1241	1242	1243	1	 5.992073447e+02 2.302383940e-01 1
1249	1241	1242	1243	1	 1.437622034e+03 1.151191970e-01 3
1241	1242	1243	1244	1	 3.802119410e+02 4.604767880e-01 1
1241	1242	1243	1244	1	 7.806358230e+02 2.302383940e-01 3
1242	1243	1244	1245	1	 3.983807491e+02 4.604767880e-01 1
1242	1243	1244	1245	1	 8.351422473e+02 2.302383940e-01 3
1243	1244	1245	1246	1	 6.790225247e+02 4.604767880e-01 1
1243	1244	1245	1246	1	 1.677067574e+03 2.302383940e-01 3
1278	1279	1287	1288	1	 5.055893530e+02 2.302383940e-01 1
1278	1279	1287	1288	1	 1.156768059e+03 1.151191970e-01 3
1278	1279	1287	1289	1	 6.905251052e+02 2.302383940e-01 1
1278	1279	1287	1289	1	 1.711575316e+03 1.151191970e-01 3
1280	1279	1287	1288	1	 6.261409505e+02 2.302383940e-01 1
1280	1279	1287	1288	1	 1.518422852e+03 1.151191970e-01 3
1280	1279	1287	1289	1	 4.510767028e+02 2.302383940e-01 1
1280	1279	1287	1289	1	 9.932301083e+02 1.151191970e-01 3
1279	1280	1281	1282	1	 4.604019581e+02 4.604767880e-01 1
1279	1280	1281	1282	1	 1.021205874e+03 2.302383940e-01 3
1280	1281	1282	1283	1	 7.070463581e+02 4.604767880e-01 1
1280	1281	1282	1283	1	 1.761139074e+03 2.302383940e-01 3
1281	1282	1283	1284	1	 3.916806781e+02 4.604767880e-01 1
1281	1282	1283	1284	1	 8.150420342e+02 2.302383940e-01 3
1287	1289	1290	1291	1	 6.179329917e+02 9.209535759e-01 1
1287	1289	1290	1291	1	 1.493798975e+03 4.604767880e-01 3
1329	1330	1331	1332	1	 6.143577698e+02 2.302383940e-01 1
1329	1330	1331	1332	1	 1.483073309e+03 1.151191970e-01 3
1339	1330	1331	1332	1	 4.889524355e+02 2.302383940e-01 1
1339	1330	1331	1332	1	 1.106857307e+03 1.151191970e-01 3
1330	1331	1332	1333	1	 4.494690664e+02 2.302383940e-01 1
1330	1331	1332	1333	1	 9.884071991e+02 1.151191970e-01 3
1330	1331	1332	1338	1	 6.381570953e+02 2.302383940e-01 1
1330	1331	1332	1338	1	 1.554471286e+03 1.151191970e-01 3
1341	1342	1343	1344	1	 4.896489447e+02 2.302383940e-01 1
1341	1342	1343	1344	1	 1.108946834e+03 1.151191970e-01 3
1353	1342	1343	1344	1	 3.652868192e+02 2.302383940e-01 1
1353	1342	1343	1344	1	 7.358604576e+02 1.151191970e-01 3
1363	1364	1365	1366	1	 5.988101668e+02 4.604767880e-01 1
1363	1364	1365	1366	1	 1.436430501e+03 2.302383940e-01 3
1364	1365	1366	1367	1	 4.481117544e+02 2.302383940e-01 1
1364	1365	1366	1367	1	 9.843352631e+02 1.151191970e-01 3
1364	1365	1366	1368	1	 6.326437300e+02 2.302383940e-01 1
1364	1365	1366	1368	1	 1.537931190e+03 1.151191970e-01 3
1380	1381	1382	1383	1	 5.618996543e+02 2.302383940e-01 1
1380	1381	1382	1383	1	 1.325698963e+03 1.151191970e-01 3
1380	1381	1382	1384	1	 3.770084427e+02 2.302383940e-01 1
1380	1381	1382	1384	1	 7.710253282e+02 1.151191970e-01 3
1399	1400	1401	1402	1	 4.848854685e+02 1.151191970e-01 1
1399	1400	1401	1402	1	 1.094656406e+03 5.755959849e-02 3
1399	1400	1401	1403	1	 6.176935141e+02 1.151191970e-01 1
1399	1400	1401	1403	1	 1.493080542e+03 5.755959849e-02 3
1404	1400	1401	1402	1	 7.182541867e+02 1.151191970e-01 1
1404	1400	1401	1402	1	 1.794762560e+03 5.755959849e-02 3
1404	1400	1401	1403	1	 4.910622323e+02 1.151191970e-01 1
1404	1400	1401	1403	1	 1.113186697e+03 5.755959849e-02 3
1406	1407	1408	1409	1	 4.536146329e+02 2.302383940e-01 1
1406	1407	1408	1409	1	 1.000843899e+03 1.151191970e-01 3
1413	1407	1408	1409	1	 6.921677602e+02 2.302383940e-01 1
1413	1407	1408	1409	1	 1.716503281e+03 1.151191970e-01 3
1408	1409	1410	1411	1	 4.326566730e+02 2.302383940e-01 1
1408	1409	1410	1411	1	 9.379700189e+02 1.151191970e-01 3
1408	1409	1410	1412	1	 6.142494188e+02 2.302383940e-01 1
1408	1409	1410	1412	1	 1.482748256e+03 1.151191970e-01 3
1423	1424	1425	1426	1	 6.025985149e+02 4.604767880e-01 1
1423	1424	1425	1426	1	 1.447795545e+03 2.302383940e-01 3
1424	1425	1426	1427	1	 6.039679753e+02 4.604767880e-01 1
1424	1425	1426	1427	1	 1.451903926e+03 2.302383940e-01 3
1431	1432	1433	1434	1	 6.264221004e+02 2.302383940e-01 1
1431	1432	1433	1434	1	 1.519266301e+03 1.151191970e-01 3
1431	1432	1433	1435	1	 4.578123790e+02 2.302383940e-01 1
1431	1432	1433	1435	1	 1.013437137e+03 1.151191970e-01 3
1450	1451	1452	1453	1	 3.619533970e+02 2.302383940e-01 1
1450	1451	1452	1453	1	 7.258601909e+02 1.151191970e-01 3
1457	1451	1452	1453	1	 6.024847157e+02 2.302383940e-01 1
1457	1451	1452	1453	1	 1.447454147e+03 1.151191970e-01 3
1451	1452	1453	1454	1	 6.119244578e+02 4.604767880e-01 1
1451	1452	1453	1454	1	 1.475773373e+03 2.302383940e-01 3
1452	1453	1454	1456	1	 4.429010766e+02 2.302383940e-01 1
1452	1453	1454	1456	1	 9.687032297e+02 1.151191970e-01 3
1459	1460	1461	1462	1	 4.451074264e+02 4.604767880e-01 1
1459	1460	1461	1462	1	 9.753222792e+02 2.302383940e-01 3
1459	1460	1461	1463	1	 6.227872376e+02 4.604767880e-01 1
1459	1460	1461	1463	1	 1.508361713e+03 2.302383940e-01 3
1461	1463	1464	1465	1	 7.103992563e+02 4.604767880e-01 1
1461	1463	1464	1465	1	 1.771197769e+03 2.302383940e-01 3
1461	1463	1464	1466	1	 4.738643668e+02 4.604767880e-01 1
1461	1463	1464	1466	1	 1.061593100e+03 2.302383940e-01 3
1485	1486	1487	1488	1	 6.833494857e+02 2.302383940e-01 1
1485	1486	1487	1488	1	 1.690048457e+03 1.151191970e-01 3
1485	1486	1487	1489	1	 5.088672723e+02 2.302383940e-01 1
1485	1486	1487	1489	1	 1.166601817e+03 1.151191970e-01 3
1520	1521	1522	1523	1	 7.109534776e+02 2.302383940e-01 1
1520	1521	1522	1523	1	 1.772860433e+03 1.151191970e-01 3
1520	1521	1522	1524	1	 5.331716972e+02 2.302383940e-01 1
1520	1521	1522	1524	1	 1.239515092e+03 1.151191970e-01 3
1536	1537	1538	1539	1	 4.919327172e+02 2.302383940e-01 1
1536	1537	1538	1539	1	 1.115798152e+03 1.151191970e-01 3
1536	1537	1538	1540	1	 6.704197724e+02 2.302383940e-01 1
1536	1537	1538	1540	1	 1.651259317e+03 1.151191970e-01 3
1545	1546	1547	1548	1	 6.658609598e+02 2.302383940e-01 1
1545	1546	1547	1548	1	 1.637582879e+03 1.151191970e-01 3
1545	1546	1547	1549	1	 4.820344944e+02 2.302383940e-01 1
1545	1546	1547	1549	1	 1.086103483e+03 1.151191970e-01 3
1558	1559	1560	1561	1	 4.521476642e+02 2.302383940e-01 1
1558	1559	1560	1561	1	 9.964429926e+02 1.151191970e-01 3
1565	1559	1560	1561	1	 6.952558658e+02 2.302383940e-01 1
1565	1559	1560	1561	1	 1.725767597e+03 1.151191970e-01 3
1560	1561	1562	1563	1	 3.867995173e+02 2.302383940e-01 1
1560	1561	1562	1563	1	 8.003985520e+02 1.151191970e-01 3
1560	1561	1562	1564	1	 5.580802295e+02 2.302383940e-01 1
1560	1561	1562	1564	1	 1.314240689e+03 1.151191970e-01 3
1576	1577	1578	1579	1	 4.734564632e+02 2.302383940e-01 1
1576	1577	1578	1579	1	 1.060369389e+03 1.151191970e-01 3
1585	1577	1578	1579	1	 7.125764682e+02 2.302383940e-01 1
1585	1577	1578	1579	1	 1.777729405e+03 1.151191970e-01 3
1577	1578	1579	1580	1	 4.456818560e+02 2.302383940e-01 1
1577	1578	1579	1580	1	 9.770455679e+02 1.151191970e-01 3
1577	1578	1579	1584	1	 6.246236846e+02 2.302383940e-01 1
1577	1578	1579	1584	1	 1.513871054e+03 1.151191970e-01 3
1595	1596	1597	1598	1	 4.860252553e+02 2.302383940e-01 1
1595	1596	1597	1598	1	 1.098075766e+03 1.151191970e-01 3
1601	1596	1597	1598	1	 3.661760438e+02 2.302383940e-01 1
1601	1596	1597	1598	1	 7.385281313e+02 1.151191970e-01 3
1596	1597	1598	1599	1	 6.601277567e+02 2.302383940e-01 1
1596	1597	1598	1599	1	 1.620383270e+03 1.151191970e-01 3
1596	1597	1598	1600	1	 4.798458434e+02 2.302383940e-01 1
1596	1597	1598	1600	1	 1.079537530e+03 1.151191970e-01 3
1612	1613	1614	1615	1	 4.618775850e+02 2.302383940e-01 1
1612	1613	1614	1615	1	 1.025632755e+03 1.151191970e-01 3
1612	1613	1614	1619	1	 6.469700773e+02 2.302383940e-01 1
1612	1613	1614	1619	1	 1.580910232e+03 1.151191970e-01 3
1620	1622	1623	1624	1	 6.408509631e+02 4.604767880e-01 1
1620	1622	1623	1624	1	 1.562552889e+03 2.302383940e-01 3
1620	1622	1623	1628	1	 3.998334638e+02 4.604767880e-01 1
1620	1622	1623	1628	1	 8.395003915e+02 2.302383940e-01 3
1622	1623	1624	1625	1	 6.122527906e+02 1.151191970e-01 1
1622	1623	1624	1625	1	 1.476758372e+03 5.755959849e-02 3
1622	1623	1624	1626	1	 3.855866581e+02 1.151191970e-01 1
1622	1623	1624	1626	1	 7.967599743e+02 5.755959849e-02 3
1628	1623	1624	1625	1	 4.969975047e+02 1.151191970e-01 1
1628	1623	1624	1625	1	 1.130992514e+03 5.755959849e-02 3
1628	1623	1624	1626	1	 6.303313722e+02 1.151191970e-01 1
1628	1623	1624	1626	1	 1.530994116e+03 5.755959849e-02 3
1623	1624	1626	1627	1	 6.059329915e+02 2.302383940e-01 1
1623	1624	1626	1627	1	 1.457798974e+03 1.151191970e-01 3
1625	1624	1626	1627	1	 3.763272053e+02 2.302383940e-01 1
1625	1624	1626	1627	1	 7.689816159e+02 1.151191970e-01 3
1630	1631	1636	1637	1	 5.294201684e+02 2.302383940e-01 1
1630	1631	1636	1637	1	 1.228260505e+03 1.151191970e-01 3
1630	1631	1636	1638	1	 7.152538485e+02 2.302383940e-01 1
1630	1631	1636	1638	1	 1.785761546e+03 1.151191970e-01 3
1632	1631	1636	1637	1	 6.508554130e+02 2.302383940e-01 1
1632	1631	1636	1637	1	 1.592566239e+03 1.151191970e-01 3
1632	1631	1636	1638	1	 4.766890931e+02 2.302383940e-01 1
1632	1631	1636	1638	1	 1.070067279e+03 1.151191970e-01 3
1638	1639	1645	1646	1	 4.756013444e+02 2.302383940e-01 1
1638	1639	1645	1646	1	 1.066804033e+03 1.151191970e-01 3
1638	1639	1645	1647	1	 6.603055282e+02 2.302383940e-01 1
1638	1639	1645	1647	1	 1.620916585e+03 1.151191970e-01 3
1640	1639	1645	1646	1	 6.015086690e+02 2.302383940e-01 1
1640	1639	1645	1646	1	 1.444526007e+03 1.151191970e-01 3
1640	1639	1645	1647	1	 4.262128528e+02 2.302383940e-01 1
1640	1639	1645	1647	1	 9.186385584e+02 1.151191970e-01 3
1640	1641	1642	1643	1	 4.520438890e+02 2.302383940e-01 1
1640	1641	1642	1643	1	 9.961316671e+02 1.151191970e-01 3
1640	1641	1642	1644	1	 6.308984862e+02 2.302383940e-01 1
1640	1641	1642	1644	1	 1.532695459e+03 1.151191970e-01 3
1645	1647	1648	1649	1	 7.086706523e+02 4.604767880e-01 1
1645	1647	1648	1649	1	 1.766011957e+03 2.302383940e-01 3
1645	1647	1648	1654	1	 4.799368458e+02 4.604767880e-01 1
1645	1647	1648	1654	1	 1.079810537e+03 2.302383940e-01 3
1647	1648	1649	1650	1	 5.834606261e+02 2.302383940e-01 1
1647	1648	1649	1650	1	 1.390381878e+03 1.151191970e-01 3
1654	1648	1649	1650	1	 4.568492729e+02 2.302383940e-01 1
1654	1648	1649	1650	1	 1.010547819e+03 1.151191970e-01 3
1656	1657	1658	1659	1	 4.771595260e+02 2.302383940e-01 1
1656	1657	1658	1659	1	 1.071478578e+03 1.151191970e-01 3
1660	1657	1658	1659	1	 7.105148358e+02 2.302383940e-01 1
1660	1657	1658	1659	1	 1.771544507e+03 1.151191970e-01 3
1660	1662	1663	1664	1	 6.974805401e+02 4.604767880e-01 1
1660	1662	1663	1664	1	 1.732441620e+03 2.302383940e-01 3
1660	1662	1663	1666	1	 4.653692030e+02 4.604767880e-01 1
1660	1662	1663	1666	1	 1.036107609e+03 2.302383940e-01 3
1662	1663	1664	1665	1	 6.083799574e+02 2.302383940e-01 1
1662	1663	1664	1665	1	 1.465139872e+03 1.151191970e-01 3
1666	1663	1664	1665	1	 4.790780862e+02 2.302383940e-01 1
1666	1663	1664	1665	1	 1.077234259e+03 1.151191970e-01 3
1662	1663	1666	1667	1	 7.002336036e+02 2.302383940e-01 1
1662	1663	1666	1667	1	 1.740700811e+03 1.151191970e-01 3
1662	1663	1666	1668	1	 5.193807076e+02 2.302383940e-01 1
1662	1663	1666	1668	1	 1.198142123e+03 1.151191970e-01 3
1664	1663	1666	1667	1	 4.649039646e+02 2.302383940e-01 1
1664	1663	1666	1667	1	 1.034711894e+03 1.151191970e-01 3
1664	1663	1666	1668	1	 6.440510686e+02 2.302383940e-01 1
1664	1663	1666	1668	1	 1.572153206e+03 1.151191970e-01 3
1666	1668	1669	1678	1	 4.524603919e+02 4.604767880e-01 1
1666	1668	1669	1678	1	 9.973811757e+02 2.302383940e-01 3
1668	1669	1670	1671	1	 6.035968558e+02 2.302383940e-01 1
1668	1669	1670	1671	1	 1.450790567e+03 1.151191970e-01 3
1678	1669	1670	1671	1	 4.707122258e+02 2.302383940e-01 1
1678	1669	1670	1671	1	 1.052136677e+03 1.151191970e-01 3
1669	1670	1671	1672	1	 4.406715128e+02 2.302383940e-01 1
1669	1670	1671	1672	1	 9.620145383e+02 1.151191970e-01 3
1669	1670	1671	1677	1	 6.233522398e+02 2.302383940e-01 1
1669	1670	1671	1677	1	 1.510056719e+03 1.151191970e-01 3
1678	1680	1681	1682	1	 7.113825238e+02 4.604767880e-01 1
1678	1680	1681	1682	1	 1.774147571e+03 2.302383940e-01 3
1678	1680	1681	1687	1	 4.757883572e+02 4.604767880e-01 1
1678	1680	1681	1687	1	 1.067365071e+03 2.302383940e-01 3
1681	1682	1683	1684	1	 5.963723606e+02 4.604767880e-01 1
1681	1682	1683	1684	1	 1.429117082e+03 2.302383940e-01 3
1682	1683	1684	1685	1	 6.457889668e+02 2.302383940e-01 1
1682	1683	1684	1685	1	 1.577366900e+03 1.151191970e-01 3
1682	1683	1684	1686	1	 4.609592995e+02 2.302383940e-01 1
1682	1683	1684	1686	1	 1.022877899e+03 1.151191970e-01 3
1687	1689	1690	1691	1	 6.794851412e+02 4.604767880e-01 1
1687	1689	1690	1691	1	 1.678455424e+03 2.302383940e-01 3
1687	1689	1690	1696	1	 4.505421474e+02 4.604767880e-01 1
1687	1689	1690	1696	1	 9.916264423e+02 2.302383940e-01 3
1689	1690	1696	1697	1	 4.041078794e+02 2.302383940e-01 1
1689	1690	1696	1697	1	 8.523236382e+02 1.151191970e-01 3
1689	1690	1696	1698	1	 5.778031582e+02 2.302383940e-01 1
1689	1690	1696	1698	1	 1.373409475e+03 1.151191970e-01 3
1691	1690	1696	1697	1	 5.312500973e+02 2.302383940e-01 1
1691	1690	1696	1697	1	 1.233750292e+03 1.151191970e-01 3
1691	1690	1696	1698	1	 7.049453761e+02 2.302383940e-01 1
1691	1690	1696	1698	1	 1.754836128e+03 1.151191970e-01 3
1690	1691	1692	1693	1	 3.642484456e+02 4.604767880e-01 1
1690	1691	1692	1693	1	 7.327453367e+02 2.302383940e-01 3
1691	1692	1693	1694	1	 3.682609581e+02 4.604767880e-01 1
1691	1692	1693	1694	1	 7.447828742e+02 2.302383940e-01 3
1692	1693	1694	1695	1	 3.604166918e+02 4.604767880e-01 1
1692	1693	1694	1695	1	 7.212500755e+02 2.302383940e-01 3
1698	1699	1704	1705	1	 7.029760300e+02 2.302383940e-01 1
1698	1699	1704	1705	1	 1.748928090e+03 1.151191970e-01 3
1698	1699	1704	1706	1	 5.280129119e+02 2.302383940e-01 1
1698	1699	1704	1706	1	 1.224038736e+03 1.151191970e-01 3
1700	1699	1704	1705	1	 4.714263836e+02 2.302383940e-01 1
1700	1699	1704	1705	1	 1.054279151e+03 1.151191970e-01 3
1700	1699	1704	1706	1	 6.564632656e+02 2.302383940e-01 1
1700	1699	1704	1706	1	 1.609389797e+03 1.151191970e-01 3
1713	1714	1715	1716	1	 4.879872804e+02 2.302383940e-01 1
1713	1714	1715	1716	1	 1.103961841e+03 1.151191970e-01 3
1717	1714	1715	1716	1	 3.692171966e+02 2.302383940e-01 1
1717	1714	1715	1716	1	 7.476515897e+02 1.151191970e-01 3
1730	1731	1732	1733	1	 4.665961526e+02 2.302383940e-01 1
1730	1731	1732	1733	1	 1.039788458e+03 1.151191970e-01 3
1737	1731	1732	1733	1	 7.025090675e+02 2.302383940e-01 1
1737	1731	1732	1733	1	 1.747527203e+03 1.151191970e-01 3
1733	1734	1735	1736	1	 4.023942426e+02 4.604767880e-01 1
1733	1734	1735	1736	1	 8.471827277e+02 2.302383940e-01 3
1739	1740	1741	1742	1	 4.666344039e+02 1.151191970e-01 1
1739	1740	1741	1742	1	 1.039903212e+03 5.755959849e-02 3
1739	1740	1741	1743	1	 5.910084516e+02 1.151191970e-01 1
1739	1740	1741	1743	1	 1.413025355e+03 5.755959849e-02 3
1744	1740	1741	1742	1	 7.022200783e+02 1.151191970e-01 1
1744	1740	1741	1742	1	 1.746660235e+03 5.755959849e-02 3
1744	1740	1741	1743	1	 4.665941260e+02 1.151191970e-01 1
1744	1740	1741	1743	1	 1.039782378e+03 5.755959849e-02 3
1746	1747	1748	1749	1	 4.675604831e+02 2.302383940e-01 1
1746	1747	1748	1749	1	 1.042681449e+03 1.151191970e-01 3
1754	1747	1748	1749	1	 7.037417927e+02 2.302383940e-01 1
1754	1747	1748	1749	1	 1.751225378e+03 1.151191970e-01 3
1768	1769	1770	1771	1	 3.772613021e+02 2.302383940e-01 1
1768	1769	1770	1771	1	 7.717839064e+02 1.151191970e-01 3
1775	1769	1770	1771	1	 6.217280918e+02 2.302383940e-01 1
1775	1769	1770	1771	1	 1.505184275e+03 1.151191970e-01 3
1770	1771	1772	1773	1	 4.489484802e+02 2.302383940e-01 1
1770	1771	1772	1773	1	 9.868454405e+02 1.151191970e-01 3
1770	1771	1772	1774	1	 6.304855046e+02 2.302383940e-01 1
1770	1771	1772	1774	1	 1.531456514e+03 1.151191970e-01 3
1777	1778	1779	1780	2	 3.293725667e+01 4.000000000e+01
1778	1779	1780	1781	2	 -3.370266812e+01 4.000000000e+01
1784	1785	1786	1787	1	 6.128774101e+02 2.302383940e-01 1
1784	1785	1786	1787	1	 1.478632230e+03 1.151191970e-01 3
1793	1785	1786	1787	1	 4.813484941e+02 2.302383940e-01 1
1793	1785	1786	1787	1	 1.084045482e+03 1.151191970e-01 3
1785	1786	1787	1788	1	 3.647931558e+02 4.604767880e-01 1
1785	1786	1787	1788	1	 7.343794674e+02 2.302383940e-01 3
1815	1816	1817	1818	1	 5.934661792e+02 2.302383940e-01 1
1815	1816	1817	1818	1	 1.420398538e+03 1.151191970e-01 3
1821	1816	1817	1818	1	 4.688250991e+02 2.302383940e-01 1
1821	1816	1817	1818	1	 1.046475297e+03 1.151191970e-01 3
1816	1817	1818	1819	1	 6.190510336e+02 2.302383940e-01 1
1816	1817	1818	1819	1	 1.497153101e+03 1.151191970e-01 3
1816	1817	1818	1820	1	 4.402110627e+02 2.302383940e-01 1
1816	1817	1818	1820	1	 9.606331880e+02 1.151191970e-01 3
1824	1825	1826	1827	1	 3.653539625e+02 2.302383940e-01 1
1824	1825	1826	1827	1	 7.360618874e+02 1.151191970e-01 3
1824	1825	1826	1828	1	 5.500926192e+02 2.302383940e-01 1
1824	1825	1826	1828	1	 1.290277858e+03 1.151191970e-01 3
1833	1834	1835	1836	1	 4.114536211e+02 2.302383940e-01 1
1833	1834	1835	1836	1	 8.743608634e+02 1.151191970e-01 3
1833	1834	1835	1837	1	 6.017833361e+02 2.302383940e-01 1
1833	1834	1835	1837	1	 1.445350008e+03 1.151191970e-01 3
1841	1842	1843	1844	1	 4.629253045e+02 2.302383940e-01 1
1841	1842	1843	1844	1	 1.028775913e+03 1.151191970e-01 3
1841	1842	1843	1845	1	 5.846469286e+02 2.302383940e-01 1
1841	1842	1843	1845	1	 1.393940786e+03 1.151191970e-01 3
1860	1861	1862	1863	1	 5.055244901e+02 4.604767880e-01 1
1860	1861	1862	1863	1	 1.156573470e+03 2.302383940e-01 3
1868	1869	1871	1872	1	 6.959991321e+02 2.302383940e-01 1
1868	1869	1871	1872	1	 1.727997396e+03 1.151191970e-01 3
1870	1869	1871	1872	1	 4.585834106e+02 2.302383940e-01 1
1870	1869	1871	1872	1	 1.015750232e+03 1.151191970e-01 3
1877	1878	1879	1880	1	 3.670595644e+02 4.604767880e-01 1
1877	1878	1879	1880	1	 7.411786931e+02 2.302383940e-01 3
1884	1885	1886	1887	1	 3.694676088e+02 2.302383940e-01 1
1884	1885	1886	1887	1	 7.484028265e+02 1.151191970e-01 3
1891	1885	1886	1887	1	 6.085943882e+02 2.302383940e-01 1
1891	1885	1886	1887	1	 1.465783164e+03 1.151191970e-01 3
1885	1886	1887	1888	1	 7.081744500e+02 4.604767880e-01 1
1885	1886	1887	1888	1	 1.764523350e+03 2.302383940e-01 3
1886	1887	1888	1889	1	 4.579452726e+02 2.302383940e-01 1
1886	1887	1888	1889	1	 1.013835818e+03 1.151191970e-01 3
1886	1887	1888	1890	1	 6.451771391e+02 2.302383940e-01 1
1886	1887	1888	1890	1	 1.575531417e+03 1.151191970e-01 3
1893	1894	1895	1896	1	 4.951945122e+02 1.151191970e-01 1
1893	1894	1895	1896	1	 1.125583537e+03 5.755959849e-02 3
1893	1894	1895	1897	1	 6.214457730e+02 1.151191970e-01 1
1893	1894	1895	1897	1	 1.504337319e+03 5.755959849e-02 3
1898	1894	1895	1896	1	 3.604085948e+02 1.151191970e-01 1
1898	1894	1895	1896	1	 7.212257843e+02 5.755959849e-02 3
1898	1894	1895	1897	1	 4.866598555e+02 1.151191970e-01 1
1898	1894	1895	1897	1	 1.099979567e+03 5.755959849e-02 3
1900	1901	1902	1903	1	 4.737745513e+02 2.302383940e-01 1
1900	1901	1902	1903	1	 1.061323654e+03 1.151191970e-01 3
1907	1901	1902	1903	1	 7.137769995e+02 2.302383940e-01 1
1907	1901	1902	1903	1	 1.781330999e+03 1.151191970e-01 3
1902	1903	1904	1905	1	 6.566132060e+02 2.302383940e-01 1
1902	1903	1904	1905	1	 1.609839618e+03 1.151191970e-01 3
1902	1903	1904	1906	1	 4.844212949e+02 2.302383940e-01 1
1902	1903	1904	1906	1	 1.093263885e+03 1.151191970e-01 3
1909	1910	1911	1912	1	 7.140219631e+02 2.302383940e-01 1
1909	1910	1911	1912	1	 1.782065889e+03 1.151191970e-01 3
1916	1910	1911	1912	1	 5.738464174e+02 2.302383940e-01 1
1916	1910	1911	1912	1	 1.361539252e+03 1.151191970e-01 3
1912	1913	1914	1915	1	 4.608044724e+02 4.604767880e-01 1
1912	1913	1914	1915	1	 1.022413417e+03 2.302383940e-01 3
1918	1919	1920	1921	1	 3.793207851e+02 2.302383940e-01 1
1918	1919	1920	1921	1	 7.779623552e+02 1.151191970e-01 3
1925	1919	1920	1921	1	 6.152688002e+02 2.302383940e-01 1
1925	1919	1920	1921	1	 1.485806400e+03 1.151191970e-01 3
1934	1935	1936	1937	1	 6.922395171e+02 1.151191970e-01 1
1934	1935	1936	1937	1	 1.716718551e+03 5.755959849e-02 3
1934	1935	1936	1938	1	 4.553708678e+02 1.151191970e-01 1
1934	1935	1936	1938	1	 1.006112603e+03 5.755959849e-02 3
1939	1935	1936	1937	1	 5.733394722e+02 1.151191970e-01 1
1939	1935	1936	1937	1	 1.360018417e+03 5.755959849e-02 3
1939	1935	1936	1938	1	 6.964708229e+02 1.151191970e-01 1
1939	1935	1936	1938	1	 1.729412469e+03 5.755959849e-02 3
1941	1942	1943	1944	1	 6.151317132e+02 2.302383940e-01 1
1941	1942	1943	1944	1	 1.485395140e+03 1.151191970e-01 3
1948	1942	1943	1944	1	 4.838578255e+02 2.302383940e-01 1
1948	1942	1943	1944	1	 1.091573476e+03 1.151191970e-01 3
1951	1952	1953	1954	1	 4.914625260e+02 2.302383940e-01 1
1951	1952	1953	1954	1	 1.114387578e+03 1.151191970e-01 3
1951	1952	1953	1955	1	 6.762811999e+02 2.302383940e-01 1
1951	1952	1953	1955	1	 1.668843600e+03 1.151191970e-01 3
1975	1976	1977	1978	1	 4.542861721e+02 2.302383940e-01 1
1975	1976	1977	1978	1	 1.002858516e+03 1.151191970e-01 3
1975	1976	1977	1979	1	 6.365814805e+02 2.302383940e-01 1
1975	1976	1977	1979	1	 1.549744442e+03 1.151191970e-01 3
1982	1983	1984	1985	1	 4.664948426e+02 2.302383940e-01 1
1982	1983	1984	1985	1	 1.039484528e+03 1.151191970e-01 3
1988	1983	1984	1985	1	 7.013879190e+02 2.302383940e-01 1
1988	1983	1984	1985	1	 1.744163757e+03 1.151191970e-01 3
1983	1984	1985	1986	1	 7.028092234e+02 2.302383940e-01 1
1983	1984	1985	1986	1	 1.748427670e+03 1.151191970e-01 3
1983	1984	1985	1987	1	 4.662693463e+02 2.302383940e-01 1
1983	1984	1985	1987	1	 1.038808039e+03 1.151191970e-01 3
1991	1992	1993	1994	1	 6.779724742e+02 2.302383940e-01 1
1991	1992	1993	1994	1	 1.673917423e+03 1.151191970e-01 3
1991	1992	1993	1995	1	 4.984415403e+02 2.302383940e-01 1
1991	1992	1993	1995	1	 1.135324621e+03 1.151191970e-01 3
1998	1999	2000	2001	1	 3.718683569e+02 2.302383940e-01 1
1998	1999	2000	2001	1	 7.556050708e+02 1.151191970e-01 3
2007	1999	2000	2001	1	 6.123927742e+02 2.302383940e-01 1
2007	1999	2000	2001	1	 1.477178323e+03 1.151191970e-01 3
2000	2001	2002	2003	1	 5.948468246e+02 4.604767880e-01 1
2000	2001	2002	2003	1	 1.424540474e+03 2.302383940e-01 3
2010	2011	2013	2014	1	 4.639738666e+02 2.302383940e-01 1
2010	2011	2013	2014	1	 1.031921600e+03 1.151191970e-01 3
2012	2011	2013	2014	1	 5.938064194e+02 2.302383940e-01 1
2012	2011	2013	2014	1	 1.421419258e+03 1.151191970e-01 3
2017	2018	2019	2020	1	 3.767514033e+02 2.302383940e-01 1
2017	2018	2019	2020	1	 7.702542099e+02 1.151191970e-01 3
2023	2018	2019	2020	1	 6.065240626e+02 2.302383940e-01 1
2023	2018	2019	2020	1	 1.459572188e+03 1.151191970e-01 3
2018	2019	2020	2021	1	 6.124332686e+02 2.302383940e-01 1
2018	2019	2020	2021	1	 1.477299806e+03 1.151191970e-01 3
2018	2019	2020	2022	1	 3.728600358e+02 2.302383940e-01 1
2018	2019	2020	2022	1	 7.585801073e+02 1.151191970e-01 3
2025	2026	2027	2028	1	 4.621234068e+02 2.302383940e-01 1
2025	2026	2027	2028	1	 1.026370220e+03 1.151191970e-01 3
2031	2026	2027	2028	1	 7.004239748e+02 2.302383940e-01 1
2031	2026	2027	2028	1	 1.741271924e+03 1.151191970e-01 3
2026	2027	2028	2029	1	 7.141720591e+02 2.302383940e-01 1
2026	2027	2028	2029	1	 1.782516177e+03 1.151191970e-01 3
2026	2027	2028	2030	1	 4.804821743e+02 2.302383940e-01 1
2026	2027	2028	2030	1	 1.081446523e+03 1.151191970e-01 3
2033	2034	2035	2036	1	 3.746501637e+02 2.302383940e-01 1
2033	2034	2035	2036	1	 7.639504911e+02 1.151191970e-01 3
2039	2034	2035	2036	1	 6.062074413e+02 2.302383940e-01 1
2039	2034	2035	2036	1	 1.458622324e+03 1.151191970e-01 3
2034	2035	2036	2037	1	 5.894227317e+02 2.302383940e-01 1
2034	2035	2036	2037	1	 1.408268195e+03 1.151191970e-01 3
2034	2035	2036	2038	1	 7.051519431e+02 2.302383940e-01 1
2034	2035	2036	2038	1	 1.755455829e+03 1.151191970e-01 3
2041	2042	2043	2044	1	 4.943895336e+02 2.302383940e-01 1
2041	2042	2043	2044	1	 1.123168601e+03 1.151191970e-01 3
2045	2042	2043	2044	1	 3.660425744e+02 2.302383940e-01 1
2045	2042	2043	2044	1	 7.381277231e+02 1.151191970e-01 3
2047	2048	2049	2050	1	 6.354160103e+02 2.302383940e-01 1
2047	2048	2049	2050	1	 1.546248031e+03 1.151191970e-01 3
2054	2048	2049	2050	1	 5.033934215e+02 2.302383940e-01 1
2054	2048	2049	2050	1	 1.150180264e+03 1.151191970e-01 3
2050	2051	2052	2053	1	 6.466996122e+02 4.604767880e-01 1
2050	2051	2052	2053	1	 1.580098837e+03 2.302383940e-01 3
2056	2057	2058	2059	2	 -2.546596226e+01 4.000000000e+01
2057	2058	2059	2060	2	 2.787415244e+01 4.000000000e+01
2063	2064	2065	2066	1	 6.052674309e+02 2.302383940e-01 1
2063	2064	2065	2066	1	 1.455802293e+03 1.151191970e-01 3
2072	2064	2065	2066	1	 4.791301825e+02 2.302383940e-01 1
2072	2064	2065	2066	1	 1.077390547e+03 1.151191970e-01 3
2072	2074	2075	2076	1	 6.541749027e+02 4.604767880e-01 1
2072	2074	2075	2076	1	 1.602524708e+03 2.302383940e-01 3
2074	2075	2076	2077	1	 5.988397700e+02 2.302383940e-01 1
2074	2075	2076	2077	1	 1.436519310e+03 1.151191970e-01 3
2080	2075	2076	2077	1	 4.689901886e+02 2.302383940e-01 1
2080	2075	2076	2077	1	 1.046970566e+03 1.151191970e-01 3
2075	2076	2077	2078	1	 5.720080542e+02 2.302383940e-01 1
2075	2076	2077	2078	1	 1.356024163e+03 1.151191970e-01 3
2075	2076	2077	2079	1	 3.887130910e+02 2.302383940e-01 1
2075	2076	2077	2079	1	 8.061392731e+02 1.151191970e-01 3
2087	2088	2089	2090	1	 6.112095417e+02 4.604767880e-01 1
2087	2088	2089	2090	1	 1.473628625e+03 2.302383940e-01 3
2110	2111	2112	2113	1	 4.965819342e+02 2.302383940e-01 1
2110	2111	2112	2113	1	 1.129745803e+03 1.151191970e-01 3
2114	2111	2112	2113	1	 3.736602226e+02 2.302383940e-01 1
2114	2111	2112	2113	1	 7.609806678e+02 1.151191970e-01 3
2140	2141	2142	2143	1	 6.016963322e+02 2.302383940e-01 1
2140	2141	2142	2143	1	 1.445088997e+03 1.151191970e-01 3
2149	2141	2142	2143	1	 4.688152202e+02 2.302383940e-01 1
2149	2141	2142	2143	1	 1.046445660e+03 1.151191970e-01 3
2142	2143	2144	2145	1	 4.813942156e+02 4.604767880e-01 1
2142	2143	2144	2145	1	 1.084182647e+03 2.302383940e-01 3
2159	2160	2161	2162	1	 4.842785006e+02 2.302383940e-01 1
2159	2160	2161	2162	1	 1.092835502e+03 1.151191970e-01 3
2168	2160	2161	2162	1	 7.183201346e+02 2.302383940e-01 1
2168	2160	2161	2162	1	 1.794960404e+03 1.151191970e-01 3
2160	2161	2162	2163	1	 3.644047034e+02 4.604767880e-01 1
2160	2161	2162	2163	1	 7.332141101e+02 2.302383940e-01 3
2161	2162	2163	2164	1	 6.298036208e+02 4.604767880e-01 1
2161	2162	2163	2164	1	 1.529410862e+03 2.302383940e-01 3
2162	2163	2164	2165	1	 3.705021570e+02 4.604767880e-01 1
2162	2163	2164	2165	1	 7.515064709e+02 2.302383940e-01 3
2168	2170	2171	2177	1	 4.220168370e+02 4.604767880e-01 1
2168	2170	2171	2177	1	 9.060505109e+02 2.302383940e-01 3
2170	2171	2177	2178	1	 6.722140643e+02 2.302383940e-01 1
2170	2171	2177	2178	1	 1.656642193e+03 1.151191970e-01 3
2170	2171	2177	2179	1	 4.884084440e+02 2.302383940e-01 1
2170	2171	2177	2179	1	 1.105225332e+03 1.151191970e-01 3
2172	2171	2177	2178	1	 4.357328198e+02 2.302383940e-01 1
2172	2171	2177	2178	1	 9.471984595e+02 1.151191970e-01 3
2172	2171	2177	2179	1	 6.119271996e+02 2.302383940e-01 1
2172	2171	2177	2179	1	 1.475781599e+03 1.151191970e-01 3
2172	2173	2174	2175	1	 4.874157904e+02 2.302383940e-01 1
2172	2173	2174	2175	1	 1.102247371e+03 1.151191970e-01 3
2172	2173	2174	2176	1	 6.705473680e+02 2.302383940e-01 1
2172	2173	2174	2176	1	 1.651642104e+03 1.151191970e-01 3
2177	2179	2180	2181	1	 6.459021094e+02 4.604767880e-01 1
2177	2179	2180	2181	1	 1.577706328e+03 2.302383940e-01 3
2177	2179	2180	2183	1	 4.147529459e+02 4.604767880e-01 1
2177	2179	2180	2183	1	 8.842588378e+02 2.302383940e-01 3
2179	2180	2181	2182	1	 4.879052115e+02 2.302383940e-01 1
2179	2180	2181	2182	1	 1.103715635e+03 1.151191970e-01 3
2183	2180	2181	2182	1	 7.191325922e+02 2.302383940e-01 1
2183	2180	2181	2182	1	 1.797397776e+03 1.151191970e-01 3
2179	2180	2183	2184	1	 5.190362694e+02 2.302383940e-01 1
2179	2180	2183	2184	1	 1.197108808e+03 1.151191970e-01 3
2179	2180	2183	2185	1	 7.033520467e+02 2.302383940e-01 1
2179	2180	2183	2185	1	 1.750056140e+03 1.151191970e-01 3
2181	2180	2183	2184	1	 6.444661984e+02 2.302383940e-01 1
2181	2180	2183	2184	1	 1.573398595e+03 1.151191970e-01 3
2181	2180	2183	2185	1	 4.687819757e+02 2.302383940e-01 1
2181	2180	2183	2185	1	 1.046345927e+03 1.151191970e-01 3
2185	2186	2192	2193	1	 5.248080014e+02 2.302383940e-01 1
2185	2186	2192	2193	1	 1.214424004e+03 1.151191970e-01 3
2185	2186	2192	2194	1	 7.130645336e+02 2.302383940e-01 1
2185	2186	2192	2194	1	 1.779193601e+03 1.151191970e-01 3
2187	2186	2192	2193	1	 6.440394765e+02 2.302383940e-01 1
2187	2186	2192	2193	1	 1.572118430e+03 1.151191970e-01 3
2187	2186	2192	2194	1	 4.722960088e+02 2.302383940e-01 1
2187	2186	2192	2194	1	 1.056888026e+03 1.151191970e-01 3
2186	2187	2188	2189	1	 3.749313100e+02 4.604767880e-01 1
2186	2187	2188	2189	1	 7.647939300e+02 2.302383940e-01 3
2187	2188	2189	2190	1	 6.120029927e+02 2.302383940e-01 1
2187	2188	2189	2190	1	 1.476008978e+03 1.151191970e-01 3
2187	2188	2189	2191	1	 4.267861756e+02 2.302383940e-01 1
2187	2188	2189	2191	1	 9.203585269e+02 1.151191970e-01 3
2193	2192	2194	2195	2	 1.392633863e+01 5.000000000e+00
2192	2194	2195	2201	1	 4.195685787e+02 4.604767880e-01 1
2192	2194	2195	2201	1	 8.987057360e+02 2.302383940e-01 3
2195	2196	2197	2198	1	 4.644834588e+02 4.604767880e-01 1
2195	2196	2197	2198	1	 1.033450376e+03 2.302383940e-01 3
2196	2197	2198	2199	1	 4.823576600e+02 2.302383940e-01 1
2196	2197	2198	2199	1	 1.087072980e+03 1.151191970e-01 3
2196	2197	2198	2200	1	 6.576576312e+02 2.302383940e-01 1
2196	2197	2198	2200	1	 1.612972894e+03 1.151191970e-01 3
